SIZES
  nstack                1835008
  nbuffer               88304
  nplugin               0
  maxuse_stack          500
  maxuse_arena          8592
  maxuse_con            2
  maxuse_efc            8
  solver_iter           1
  solver_nnz            144
  nbodypair_broad       4
  nbodypair_narrow      2
  ngeompair_mid         4
  ngeompair_narrow      2
  ne                    0
  nf                    0
  nefc                  8
  nnzJ                  96
  ncon                  2

TIMER
    0:  duration =  0.62       number = 8
    1:  duration =  0.61       number = 8
    2:  duration =  0          number = 0
    3:  duration =  0.47       number = 8
    4:  duration =  0.039      number = 8
    5:  duration =  0.016      number = 8
    6:  duration =  0.0084     number = 8
    7:  duration =  0.07       number = 8
    8:  duration =  0.068      number = 8
    9:  duration =  0.02       number = 8
    10:  duration =  0.33       number = 8
    11:  duration =  0.051      number = 8
    12:  duration =  0.00082    number = 8

SOLVER STAT
  solver_iter = 1
  solver_nnz = 144
    0:  improvement =  9.8e-10   gradient =  9.3e-15   lineslope =  0       
        nactive = 8   nchange = 0   neval = 2   nupdate = 0
solver_fwdinv =   0         0       

ENERGY =   0         0       

TIME =  12      

QPOS
  -0.001   
   0.00016 
  -1.6e-07 
   0.0023  
   1.9e-07 
   0.0015  
  -0.0011  
   0.00016 
  -1.6e-07 
   0.0023  
   1.9e-07 
   0.0015  

QVEL
  -6.8e-10 
  -0.00016 
   3e-07   
   2.2e-09 
   3.2e-10 
   2.2e-05 
  -2.2e-09 
  -0.00016 
   3.1e-07 
   2.2e-09 
   2.7e-10 
   2.3e-05 

QACC_WARMSTART
   8.2e-10 
  -0.0042  
   8e-06   
   7.4e-08 
   8.6e-09 
   0.00059 
   6.8e-09 
  -0.0042  
   8.1e-06 
   9.6e-08 
   7.2e-09 
   0.0006  

CTRL
   0       
   0       
   0       
   0       
   0       
   0       
   0       
   0       
   0       
   0       
   0       
   0       
   0       
   0       
   0       
   0       
   0       
   0       
   0       
   0       
   0       
   0       
   0       
   0       
   0       
   0       
   0       
   0       
   0       
   0       
   0       
   0       
   0       
   0       
   0       
   0       

QFRC_APPLIED
   0       
   0       
   0       
   0       
   0       
   0       
   0       
   0       
   0       
   0       
   0       
   0       

XFRC_APPLIED
   0         0         0         0         0         0       
   0         0         0         0         0         0       
   0         0         0         0         0         0       
   0         0         0         0         0         0       
   0         0         0         0         0         0       
   0         0         0         0         0         0       
   0         0         0         0         0         0       
   0         0         0         0         0         0       
   0         0         0         0         0         0       
   0         0         0         0         0         0       
   0         0         0         0         0         0       
   0         0         0         0         0         0       
   0         0         0         0         0         0       

QACC
   8.2e-10 
  -0.0042  
   8e-06   
   7.4e-08 
   8.6e-09 
   0.00059 
   6.8e-09 
  -0.0042  
   8.1e-06 
   9.6e-08 
   7.2e-09 
   0.0006  

XPOS
   0         0         0       
   0         0.24      0       
   0         0.24      0       
  -0.00032   0.24     -0.31    
   0.012     0.24     -0.31    
  -5.6e-05   0.24     -0.52    
  -5.6e-05   0.23     -0.52    
   0        -0.24      0       
   0        -0.24      0       
  -0.00033  -0.24     -0.31    
   0.012    -0.24     -0.31    
  -6.3e-05  -0.24     -0.52    
  -6.3e-05  -0.23     -0.52    

XQUAT
   1         0         0         0       
   0.5      -0.5      -0.5      -0.5     
   0.5      -0.5       0.5      -0.5     
   7.4e-05  -1         2e-06     0.00052 
   0.71     -0.71     -0.00046  -0.00046 
   0.00051  -0.71      0.71     -0.0004  
   0.5      -0.5       0.5      -0.5     
   0.5      -0.5      -0.5      -0.5     
   0.5      -0.5       0.5      -0.5     
  -8.2e-05  -1         2e-06     0.00053 
   0.71     -0.71     -0.00045  -0.00046 
   0.0004   -0.71      0.71     -0.00051 
   0.5      -0.5       0.5      -0.5     

XMAT
   1         0         0         0         1         0         0         0         1       
   0.001     1         4e-06     4e-06    -4e-06     1         1        -0.001    -4e-06   
  -8.2e-06  -0.001     1        -1         0.00015  -8e-06    -0.00015  -1        -0.001   
   1        -4e-06    -0.001    -3.8e-06  -1         0.00015  -0.001    -0.00015  -1       
   1         0.0013    4e-06    -4.2e-06   0.00015   1         0.0013   -1         0.00015 
  -8.2e-06  -1         0.0013   -1         8.4e-06   0.00015  -0.00015  -0.0013   -1       
  -1e-05     0.0013    1        -1        -0.0013   -8.4e-06   0.0013   -1         0.0013  
   0.0011    1         4e-06     4e-06    -4e-06     1         1        -0.0011   -4e-06   
  -7.8e-06  -0.0011    1        -1        -0.00016  -8e-06     0.00016  -1        -0.0011  
   1        -4e-06    -0.0011   -4.2e-06  -1        -0.00016  -0.0011    0.00016  -1       
   1         0.0013    4e-06    -3.8e-06  -0.00016   1         0.0013   -1        -0.00016 
  -7.8e-06  -1         0.0013   -1         7.6e-06  -0.00016   0.00016  -0.0013   -1       
  -5.9e-06   0.0013    1        -1         0.0013   -7.6e-06  -0.0013   -1         0.0013  

XIPOS
   0         0         0       
   0.031     0.21     -3.2e-05 
  -0.0004    0.24     -0.047   
   0.0038    0.24     -0.2     
   0.0016    0.24     -0.32    
  -0.00023   0.24     -0.38    
   9.4e-05   0.24     -0.63    
   0.031    -0.21     -3.3e-05 
  -0.0004   -0.24     -0.047   
   0.0038   -0.24     -0.2     
   0.0016   -0.24     -0.32    
  -0.00024  -0.24     -0.38    
   8.5e-05  -0.24     -0.63    

XIMAT
   1         0         0         0         1         0         0         0         1       
   0.71     -0.001     0.7      -0.7      -4e-06     0.71     -0.00074  -1        -0.00073 
  -8.2e-06   0.99      0.14     -1         1.3e-05  -0.00015  -0.00015  -0.14      0.99    
   1        -0.00015   0.078    -0.00016  -1         6.7e-05   0.078    -7.9e-05  -1       
  -0.044     4e-06     1         0.00015   1         2.7e-06  -1         0.00015  -0.044   
  -0.00023  -1         0.0014   -0.99      6.7e-05  -0.12      0.12     -0.0014   -0.99    
  -8e-06     1        -0.0013   -1        -8.4e-06  -0.00032  -0.00032   0.0013    1       
   0.71     -0.0011   -0.7       0.7      -4e-06     0.71     -0.00075  -1         0.00074 
  -7.8e-06   0.99      0.14     -1        -3e-05     0.00016   0.00016  -0.14      0.99    
   1        -0.00015   0.078    -0.00013  -1        -0.00025   0.078     0.00023  -1       
  -0.044     4e-06     1        -0.00016   1        -1.1e-05  -1        -0.00016  -0.044   
   7.3e-05  -1         0.0012   -0.99      6.6e-05   0.12     -0.12     -0.0012   -0.99    
  -8e-06     1        -0.0013   -1        -7.6e-06   0.00033   0.00033   0.0013    1       

XANCHOR
   0         0.24      0       
   0         0.24      0       
  -0.00032   0.24     -0.31    
   0.012     0.24     -0.31    
  -5.6e-05   0.24     -0.52    
  -5.6e-05   0.23     -0.52    
   0        -0.24      0       
   0        -0.24      0       
  -0.00033  -0.24     -0.31    
   0.012    -0.24     -0.31    
  -6.3e-05  -0.24     -0.52    
  -6.3e-05  -0.23     -0.52    

XAXIS
  -4e-06    -1         4e-06   
   1        -8e-06    -0.001   
  -0.001     0.00015  -1       
  -4e-06    -1        -0.00015 
   0.0013    0.00015  -1       
  -1         8.4e-06  -0.0013  
  -4e-06    -1         4e-06   
  -1         8e-06     0.0011  
   0.0011    0.00016   1       
  -4e-06    -1         0.00016 
  -0.0013    0.00016   1       
   1        -7.6e-06   0.0013  

GEOM_XPOS
   4.5e-05   2.3e-10  -0.0017  
   4.5e-05   2.3e-10  -0.0017  
   0.027     0.21     -2.8e-05 
   0.027     0.21     -2.8e-05 
  -0.0012    0.24     -0.048   
  -0.0012    0.24     -0.048   
   0.0027    0.24     -0.2     
   0.0027    0.24     -0.2     
   0.00024   0.24     -0.32    
   0.00024   0.24     -0.32    
  -0.0002    0.24     -0.41    
  -0.0002    0.24     -0.41    
   6.1e-05   0.24     -0.61    
   6.1e-05   0.24     -0.61    
   0.027    -0.21     -2.8e-05 
   0.027    -0.21     -2.8e-05 
  -0.0012   -0.24     -0.048   
  -0.0012   -0.24     -0.048   
   0.0027   -0.24     -0.2     
   0.0027   -0.24     -0.2     
   0.00024  -0.24     -0.32    
   0.00024  -0.24     -0.32    
  -0.0002   -0.24     -0.41    
  -0.0002   -0.24     -0.41    
   5.3e-05  -0.24     -0.61    
   5.3e-05  -0.24     -0.61    

GEOM_XMAT
   1         0.019     0         0         0        -1        -0.019     1         0       
   1         0.019     0         0         0        -1        -0.019     1         0       
   0.73     -0.001     0.69     -0.69     -4e-06     0.73     -0.00075  -1        -0.00072 
   0.73     -0.001     0.69     -0.69     -4e-06     0.73     -0.00075  -1        -0.00072 
   0.00029   1         0.058    -1         0.0003   -0.00011  -0.00013  -0.058     1       
   0.00029   1         0.058    -1         0.0003   -0.00011  -0.00013  -0.058     1       
   1         6.5e-05   0.065     5.5e-05  -1         0.00016   0.065    -0.00016  -1       
   1         6.5e-05   0.065     5.5e-05  -1         0.00016   0.065    -0.00016  -1       
  -0.055     0.0018    1         0.00051   1        -0.0018   -1         0.00041  -0.055   
  -0.055     0.0018    1         0.00051   1        -0.0018   -1         0.00041  -0.055   
  -3e-05    -1         0.0012   -1        -7.4e-05  -0.083     0.083    -0.0012   -1       
  -3e-05    -1         0.0012   -1        -7.4e-05  -0.083     0.083    -0.0012   -1       
  -6.3e-06   1        -0.0013   -1        -8.4e-06  -0.0016   -0.0016    0.0013    1       
  -6.3e-06   1        -0.0013   -1        -8.4e-06  -0.0016   -0.0016    0.0013    1       
   0.73     -0.0011   -0.69      0.69     -4e-06     0.73     -0.00077  -1         0.00072 
   0.73     -0.0011   -0.69      0.69     -4e-06     0.73     -0.00077  -1         0.00072 
   0.00029   1         0.058    -1         0.00028   0.0002    0.00018  -0.058     1       
   0.00029   1         0.058    -1         0.00028   0.0002    0.00018  -0.058     1       
   1         6.5e-05   0.065     7.5e-05  -1        -0.00015   0.065     0.00015  -1       
   1         6.5e-05   0.065     7.5e-05  -1        -0.00015   0.065     0.00015  -1       
  -0.055     0.0018    1         0.0002    1        -0.0018   -1         9.7e-05  -0.055   
  -0.055     0.0018    1         0.0002    1        -0.0018   -1         9.7e-05  -0.055   
   0.00018  -1         0.0013   -1        -7.4e-05   0.083    -0.083    -0.0013   -1       
   0.00018  -1         0.0013   -1        -7.4e-05   0.083    -0.083    -0.0013   -1       
  -9.6e-06   1        -0.0013   -1        -7.6e-06   0.0016    0.0016    0.0013    1       
  -9.6e-06   1        -0.0013   -1        -7.6e-06   0.0016    0.0016    0.0013    1       

SUBTREE_COM
   0.0019    1.2e-06  -0.22    
   0.0019    0.24     -0.22    
   0.00021   0.24     -0.24    
   0.00086   0.24     -0.44    
   3.8e-05   0.24     -0.51    
  -5.1e-05   0.24     -0.52    
   9.4e-05   0.24     -0.63    
   0.0019   -0.24     -0.22    
   0.0002   -0.24     -0.24    
   0.00085  -0.24     -0.44    
   3.1e-05  -0.24     -0.51    
  -5.8e-05  -0.24     -0.52    
   8.5e-05  -0.24     -0.63    

CDOF
  -4e-06    -1         4e-06     0.22     -8.9e-07   0.0019  
   1        -8e-06    -0.001    -2.8e-07   0.22     -0.002   
  -0.001     0.00015  -1        -0.002    -0.0022    1.8e-06 
  -4e-06    -1        -0.00015  -0.086     1.9e-06  -0.01    
   0.0013    0.00015  -1        -0.002    -0.0024   -3e-06   
  -1         8.4e-06  -0.0013    1.9e-05   0.29     -0.013   
  -4e-06    -1         4e-06     0.22     -8.9e-07   0.0019  
  -1         8e-06     0.0011   -3.9e-06  -0.22     -0.002   
   0.0011    0.00016   1        -0.002     0.0022    1.8e-06 
  -4e-06    -1         0.00016  -0.086    -1.3e-06  -0.01    
  -0.0013    0.00016   1        -0.002     0.0024   -3e-06   
   1        -7.6e-06   0.0013    1.4e-05  -0.29     -0.013   

CINERT
   0         0         0         0         0         0         0         0         0         0       
   0.016     0.016     0.00089   0.00017  -0.002     0.002     0.009    -0.009     0.069     0.31    
   0.088     0.088     0.0026    1.3e-05   0.0011   -0.00096  -0.0063    0.0054    0.48      2.7     
   0.0023    0.0022    0.00064  -2.1e-06   8e-05    -2.7e-05   0.001     0.0011    0.013     0.54    
   0.00099   0.00099   5.3e-05   8.3e-08  -3.3e-06   2.1e-05  -4.1e-05   0.00022  -0.01      0.11    
   0.021     0.021     0.00052   1.3e-06  -0.00028   5.7e-05  -0.0018    0.00059  -0.13      0.82    
   0.18      0.18      0.00055   3.2e-06  -0.00077   0.00071  -0.0019    0.0017   -0.42      1       
   0.016     0.016     0.00089  -0.00017  -0.002    -0.002     0.009     0.009     0.069     0.31    
   0.088     0.088     0.0026   -1.3e-05   0.0011    0.00096  -0.0063   -0.0054    0.48      2.7     
   0.0023    0.0022    0.00064   2.1e-06   8e-05     2.7e-05   0.001    -0.0011    0.013     0.54    
   0.00099   0.00099   5.3e-05  -8.4e-08  -3.3e-06  -2.1e-05  -4.1e-05  -0.00022  -0.01      0.11    
   0.021     0.021     0.00052  -1.3e-06  -0.00028  -5.8e-05  -0.0018   -0.00059  -0.13      0.82    
   0.18      0.18      0.00055  -3.2e-06  -0.00078  -0.00071  -0.0019   -0.0017   -0.42      1       

ACTUATOR_LENGTH
  -0.001   
  -0.001   
  -0.001   
   0.00016 
   0.00016 
   0.00016 
  -1.6e-07 
  -1.6e-07 
  -1.6e-07 
   0.0023  
   0.0023  
   0.0023  
   1.9e-07 
   1.9e-07 
   1.9e-07 
   0.0015  
   0.0015  
   0.0015  
  -0.0011  
  -0.0011  
  -0.0011  
   0.00016 
   0.00016 
   0.00016 
  -1.6e-07 
  -1.6e-07 
  -1.6e-07 
   0.0023  
   0.0023  
   0.0023  
   1.9e-07 
   1.9e-07 
   1.9e-07 
   0.0015  
   0.0015  
   0.0015  

ACTUATOR_MOMENT
   1         0         0         0         0         0         0         0         0         0         0         0       
   1         0         0         0         0         0         0         0         0         0         0         0       
   1         0         0         0         0         0         0         0         0         0         0         0       
   0         1         0         0         0         0         0         0         0         0         0         0       
   0         1         0         0         0         0         0         0         0         0         0         0       
   0         1         0         0         0         0         0         0         0         0         0         0       
   0         0         1         0         0         0         0         0         0         0         0         0       
   0         0         1         0         0         0         0         0         0         0         0         0       
   0         0         1         0         0         0         0         0         0         0         0         0       
   0         0         0         1         0         0         0         0         0         0         0         0       
   0         0         0         1         0         0         0         0         0         0         0         0       
   0         0         0         1         0         0         0         0         0         0         0         0       
   0         0         0         0         1         0         0         0         0         0         0         0       
   0         0         0         0         1         0         0         0         0         0         0         0       
   0         0         0         0         1         0         0         0         0         0         0         0       
   0         0         0         0         0         1         0         0         0         0         0         0       
   0         0         0         0         0         1         0         0         0         0         0         0       
   0         0         0         0         0         1         0         0         0         0         0         0       
   0         0         0         0         0         0         1         0         0         0         0         0       
   0         0         0         0         0         0         1         0         0         0         0         0       
   0         0         0         0         0         0         1         0         0         0         0         0       
   0         0         0         0         0         0         0         1         0         0         0         0       
   0         0         0         0         0         0         0         1         0         0         0         0       
   0         0         0         0         0         0         0         1         0         0         0         0       
   0         0         0         0         0         0         0         0         1         0         0         0       
   0         0         0         0         0         0         0         0         1         0         0         0       
   0         0         0         0         0         0         0         0         1         0         0         0       
   0         0         0         0         0         0         0         0         0         1         0         0       
   0         0         0         0         0         0         0         0         0         1         0         0       
   0         0         0         0         0         0         0         0         0         1         0         0       
   0         0         0         0         0         0         0         0         0         0         1         0       
   0         0         0         0         0         0         0         0         0         0         1         0       
   0         0         0         0         0         0         0         0         0         0         1         0       
   0         0         0         0         0         0         0         0         0         0         0         1       
   0         0         0         0         0         0         0         0         0         0         0         1       
   0         0         0         0         0         0         0         0         0         0         0         1       

CRB
   0         0         0         0         0         0         0         0         0         0       
   0.3       0.3       0.0052    0.00019  -0.0019    0.0018   -1.7e-18  -2.8e-16   3.2e-16   5.5     
   0.29      0.29      0.0043    1.5e-05   9.7e-05  -0.0002   -0.009     0.009    -0.069     5.2     
   0.2       0.2       0.0018    2.5e-06  -0.00098   0.00076  -0.0027    0.0036   -0.55      2.5     
   0.2       0.2       0.0011    4.6e-06  -0.0011    0.00079  -0.0037    0.0025   -0.56      2       
   0.2       0.2       0.0011    4.5e-06  -0.0011    0.00077  -0.0037    0.0023   -0.55      1.9     
   0.18      0.18      0.00055   3.2e-06  -0.00077   0.00071  -0.0019    0.0017   -0.42      1       
   0.3       0.3       0.0052   -0.00019  -0.0019   -0.0018    0         1e-16     1.2e-16   5.5     
   0.29      0.29      0.0043   -1.5e-05   9.3e-05   0.00019  -0.009    -0.009    -0.069     5.2     
   0.2       0.2       0.0018   -2.5e-06  -0.00098  -0.00076  -0.0027   -0.0036   -0.55      2.5     
   0.2       0.2       0.0011   -4.6e-06  -0.0011   -0.00079  -0.0037   -0.0025   -0.56      2       
   0.2       0.2       0.0011   -4.5e-06  -0.0011   -0.00077  -0.0037   -0.0023   -0.55      1.9     
   0.18      0.18      0.00055  -3.2e-06  -0.00078  -0.00071  -0.0019   -0.0017   -0.42      1       

QM
   0.58      1.9e-06  -0.00072   0.24     -0.00073   1.1e-05   0         0         0         0         0         0       
   1.9e-06   0.58     -0.0012    2e-05     2.1e-06  -0.079     0         0         0         0         0         0       
  -0.00072  -0.0012    0.0018   -0.00025   0.0011    9.8e-05   0         0         0         0         0         0       
   0.24      2e-05    -0.00025   0.12     -0.00025   0.00019   0         0         0         0         0         0       
  -0.00073   2.1e-06   0.0011   -0.00025   0.0011    7.2e-08   0         0         0         0         0         0       
   1.1e-05  -0.079     9.8e-05   0.00019   7.2e-08   0.017     0         0         0         0         0         0       
   0         0         0         0         0         0         0.58     -2.8e-06  -0.00073   0.24     -0.00073   1.1e-05 
   0         0         0         0         0         0        -2.8e-06   0.58     -0.0012    1.8e-05   2.2e-06  -0.079   
   0         0         0         0         0         0        -0.00073  -0.0012    0.0018   -0.00025   0.0011    9.8e-05 
   0         0         0         0         0         0         0.24      1.8e-05  -0.00025   0.12     -0.00025   0.00019 
   0         0         0         0         0         0        -0.00073   2.2e-06   0.0011   -0.00025   0.0011    7.4e-08 
   0         0         0         0         0         0         1.1e-05  -0.079     9.8e-05   0.00019   7.4e-08   0.017   

QLD
   0.096    -0.0078    0.003     2        -0.68      0.00061   0         0         0         0         0         0       
  -0.0078    0.22     -1         0.0075    0.0022   -4.5       0         0         0         0         0         0       
   0.003    -1         0.0007   -5.3e-06   1         0.0056    0         0         0         0         0         0       
   2         0.0075   -5.3e-06   0.12     -0.23      0.011     0         0         0         0         0         0       
  -0.68      0.0022    1        -0.23      0.0011    4.1e-06   0         0         0         0         0         0       
   0.00061  -4.5       0.0056    0.011     4.1e-06   0.017     0         0         0         0         0         0       
   0         0         0         0         0         0         0.096    -0.0078    0.003     2        -0.68      0.00065 
   0         0         0         0         0         0        -0.0078    0.22     -1         0.0075    0.0024   -4.5     
   0         0         0         0         0         0         0.003    -1         0.0007   -1.4e-05   1         0.0056  
   0         0         0         0         0         0         2         0.0075   -1.4e-05   0.12     -0.23      0.011   
   0         0         0         0         0         0        -0.68      0.0024    1        -0.23      0.0011    4.3e-06 
   0         0         0         0         0         0         0.00065  -4.5       0.0056    0.011     4.3e-06   0.017   

QLDIAGINV
   10      
   4.5     
   1.4e+03 
   8.6     
   9.4e+02 
   57      
   10      
   4.5     
   1.4e+03 
   8.6     
   9.4e+02 
   57      

QLDIAGSQRTINV
   3.2     
   2.1     
   38      
   2.9     
   31      
   7.6     
   3.2     
   2.1     
   38      
   2.9     
   31      
   7.6     

D_rownnz              6 6 6 6 6 6 6 6 6 6 6 6

D_rowadr              0 6 12 18 24 30 36 42 48 54 60 66

D_colind              0 1 2 3 4 5 0 1 2 3 4 5 0 1 2 3 4 5 0 1 2 3 4 5 0 1 2 3 4 5 0 1 2 3 4 5 6 7 8 9 10 11 6 7 8 9 10 11 6 7 8 9 10 11 6 7 8 9 10 11 6 7 8 9 10 11 6 7 8 9 10 11

B_rownnz              12 6 6 6 6 6 6 6 6 6 6 6 6

B_rowadr              0 12 18 24 30 36 42 48 54 60 66 72 78

B_colind              0 1 2 3 4 5 6 7 8 9 10 11 0 1 2 3 4 5 0 1 2 3 4 5 0 1 2 3 4 5 0 1 2 3 4 5 0 1 2 3 4 5 0 1 2 3 4 5 6 7 8 9 10 11 6 7 8 9 10 11 6 7 8 9 10 11 6 7 8 9 10 11 6 7 8 9 10 11 6 7 8 9 10 11

QDERIV
   0         0         0         0         0         0         0         0         0         0         0         0       
   0         0         0         0         0         0         0         0         0         0         0         0       
   0         0         0         0         0         0         0         0         0         0         0         0       
   0         0         0         0         0         0         0         0         0         0         0         0       
   0         0         0         0         0         0         0         0         0         0         0         0       
   0         0         0         0         0         0         0         0         0         0         0         0       
   0         0         0         0         0         0         0         0         0         0         0         0       
   0         0         0         0         0         0         0         0         0         0         0         0       
   0         0         0         0         0         0         0         0         0         0         0         0       
   0         0         0         0         0         0         0         0         0         0         0         0       
   0         0         0         0         0         0         0         0         0         0         0         0       
   0         0         0         0         0         0         0         0         0         0         0         0       

QLU
   0         0         0         0         0         0         0         0         0         0         0         0       
   0         0         0         0         0         0         0         0         0         0         0         0       
   0         0         0         0         0         0         0         0         0         0         0         0       
   0         0         0         0         0         0         0         0         0         0         0         0       
   0         0         0         0         0         0         0         0         0         0         0         0       
   0         0         0         0         0         0         0         0         0         0         0         0       
   0         0         0         0         0         0         0         0         0         0         0         0       
   0         0         0         0         0         0         0         0         0         0         0         0       
   0         0         0         0         0         0         0         0         0         0         0         0       
   0         0         0         0         0         0         0         0         0         0         0         0       
   0         0         0         0         0         0         0         0         0         0         0         0       
   0         0         0         0         0         0         0         0         0         0         0         0       

CONTACT
  0:
     dim           3
     geom          1 3
     exclude       0
     efc_address   0
     solref         0.02      1       
     solimp         0.9       0.95      0.001     0.5       2       
     dist          -0.006   
     includemargin  0       
     pos            0.0056    0.18     -0.0036  
     frame          2.6e-06   1        -2.1e-06   5.5e-12   2.1e-06   1         1        -2.6e-06  -1.6e-27 
     friction       1         1         0.005     0.0001    0.0001  
     mu             1       
  1:
     dim           3
     geom          1 15
     exclude       0
     efc_address   4
     solref         0.02      1       
     solimp         0.9       0.95      0.001     0.5       2       
     dist          -0.006   
     includemargin  0       
     pos            0.0068   -0.18     -0.0017  
     frame         -2.6e-06  -1         2e-06     5.2e-12   2e-06     1        -1         2.6e-06  -8.1e-28 
     friction       1         1         0.005     0.0001    0.0001  
     mu             1       

EFC_TYPE
  6
  6
  6
  6
  6
  6
  6
  6

EFC_ID
  0
  0
  0
  0
  1
  1
  1
  1

EFC_J
   0.0056    0         0         0         0         0         0         0         0         0         0         0       
  -0.0056    0         0         0         0         0         0         0         0         0         0         0       
   0.0036    0         0         0         0         0         0         0         0         0         0         0       
  -0.0036    0         0         0         0         0         0         0         0         0         0         0       
   0         0         0         0         0         0         0.0068    0         0         0         0         0       
   0         0         0         0         0         0        -0.0068    0         0         0         0         0       
   0         0         0         0         0         0        -0.0017    0         0         0         0         0       
   0         0         0         0         0         0         0.0017    0         0         0         0         0       

EFC_POS
  -0.006   
  -0.006   
  -0.006   
  -0.006   
  -0.006   
  -0.006   
  -0.006   
  -0.006   

EFC_MARGIN
   0       
   0       
   0       
   0       
   0       
   0       
   0       
   0       

EFC_FRICTIONLOSS
   0       
   0       
   0       
   0       
   0       
   0       
   0       
   0       

EFC_DIAGAPPROX
   0.013   
   0.013   
   0.013   
   0.013   
   0.013   
   0.013   
   0.013   
   0.013   

EFC_KBIP
   2.8e+03   1.1e+02   0.95      0       
   2.8e+03   1.1e+02   0.95      0       
   2.8e+03   1.1e+02   0.95      0       
   2.8e+03   1.1e+02   0.95      0       
   2.8e+03   1.1e+02   0.95      0       
   2.8e+03   1.1e+02   0.95      0       
   2.8e+03   1.1e+02   0.95      0       
   2.8e+03   1.1e+02   0.95      0       

EFC_D
   1.4e+03 
   1.4e+03 
   1.4e+03 
   1.4e+03 
   1.4e+03 
   1.4e+03 
   1.4e+03 
   1.4e+03 

EFC_R
   0.0007  
   0.0007  
   0.0007  
   0.0007  
   0.0007  
   0.0007  
   0.0007  
   0.0007  

ACTUATOR_VELOCITY
  -6.8e-10 
  -6.8e-10 
  -6.8e-10 
  -0.00015 
  -0.00015 
  -0.00015 
   2.9e-07 
   2.9e-07 
   2.9e-07 
   2.1e-09 
   2.1e-09 
   2.1e-09 
   3e-10   
   3e-10   
   3e-10   
   2.1e-05 
   2.1e-05 
   2.1e-05 
  -2.2e-09 
  -2.2e-09 
  -2.2e-09 
  -0.00015 
  -0.00015 
  -0.00015 
   2.9e-07 
   2.9e-07 
   2.9e-07 
   2e-09   
   2e-09   
   2e-09   
   2.5e-10 
   2.5e-10 
   2.5e-10 
   2.1e-05 
   2.1e-05 
   2.1e-05 

CVEL
   0         0         0         0         0         0       
   2.7e-15   6.8e-10  -2.7e-15  -1.5e-10   6.1e-16  -1.3e-12 
  -0.00015   1.9e-09   1.6e-07  -1.1e-10  -3.4e-05   3e-07   
  -0.00015   1.9e-09  -1.3e-07  -6.9e-10  -3.4e-05   3e-07   
  -0.00015  -1.7e-10  -1.3e-07  -8.7e-10  -3.4e-05   3e-07   
  -0.00015  -1.7e-10  -1.3e-07  -8.7e-10  -3.4e-05   3e-07   
  -0.00017   9.1e-12  -1.6e-07  -4.7e-10  -2.7e-05   2.6e-08 
   8.8e-15   2.2e-09  -8.8e-15  -4.9e-10   2e-15    -4.2e-12 
   0.00015   9.8e-10  -1.6e-07   1e-10     3.4e-05   3e-07   
   0.00015   1e-09     1.3e-07  -4.9e-10   3.4e-05   3e-07   
   0.00015  -9.6e-10   1.3e-07  -6.6e-10   3.4e-05   3e-07   
   0.00015  -9.6e-10   1.3e-07  -6.6e-10   3.4e-05   3e-07   
   0.00017  -1.1e-09   1.6e-07  -3.5e-10   2.8e-05   2.6e-08 

CDOF_DOT
   0        -0         0         0         0         0       
  -7.1e-13  -2.7e-15  -6.8e-10  -1.4e-12  -1.5e-12   1.4e-15 
  -1.9e-09  -0.00015  -2.2e-08   3.4e-05  -4.7e-10   2.9e-07 
  -1.3e-07  -2.3e-08   0.00015   3e-07    -1.5e-06   4.4e-10 
   1.9e-10  -0.00015  -2.3e-08   3.4e-05  -6.7e-10   4e-07   
   1.3e-12  -6.4e-08  -1.4e-09   8.2e-08  -2.2e-06  -7.8e-05 
   0        -0         0         0         0         0       
   2.3e-12   8.8e-15   2.2e-09  -4.4e-12   4.8e-12   4.6e-15 
   1e-09    -0.00015   2.5e-08   3.4e-05   2.7e-10   2.9e-07 
   1.3e-07  -2.4e-08  -0.00015   3.1e-07   1.5e-06   5.2e-10 
  -9.8e-10  -0.00015   2.4e-08   3.4e-05   4.6e-10   4e-07   
  -2.4e-13  -6.5e-08  -2e-10     8.2e-08   2.3e-06  -7.9e-05 

QFRC_BIAS
   0.1     
  -0.013   
   1.1e-05 
  -0.23    
  -1.9e-05 
  -0.15    
   0.1     
  -0.013   
   1.1e-05 
  -0.23    
  -1.9e-05 
  -0.15    

QFRC_PASSIVE
   0       
   0       
   0       
   0       
   0       
   0       
   0       
   0       
   0       
   0       
   0       
   0       

EFC_VEL
  -3.8e-12 
   3.8e-12 
  -2.5e-12 
   2.5e-12 
  -1.5e-11 
   1.5e-11 
   3.7e-12 
  -3.7e-12 

EFC_AREF
   16      
   16      
   16      
   16      
   16      
   16      
   16      
   16      

SUBTREE_LINVEL
   0         0         0       
   0         0         0       
   0         0         0       
   0         0         0       
   0         0         0       
   0         0         0       
   0         0         0       
   0         0         0       
   0         0         0       
   0         0         0       
   0         0         0       
   0         0         0       
   0         0         0       

SUBTREE_ANGMOM
   0         0         0       
   0         0         0       
   0         0         0       
   0         0         0       
   0         0         0       
   0         0         0       
   0         0         0       
   0         0         0       
   0         0         0       
   0         0         0       
   0         0         0       
   0         0         0       
   0         0         0       

ACTUATOR_FORCE
   0       
   0.1     
   6.8e-11 
   0       
  -0.016   
   1.5e-05 
   0       
   1.6e-05 
  -2.9e-08 
   0       
  -0.23    
  -2.1e-10 
   0       
  -1.9e-05 
  -3e-11   
   0       
  -0.15    
  -2.1e-06 
   0       
   0.11    
   2.2e-10 
   0       
  -0.016   
   1.5e-05 
   0       
   1.6e-05 
  -2.9e-08 
   0       
  -0.23    
  -2e-10   
   0       
  -1.9e-05 
  -2.5e-11 
   0       
  -0.15    
  -2.1e-06 

QFRC_ACTUATOR
   0.1     
  -0.016   
   1.6e-05 
  -0.23    
  -1.9e-05 
  -0.15    
   0.11    
  -0.016   
   1.6e-05 
  -0.23    
  -1.9e-05 
  -0.15    

QFRC_SMOOTH
  -0.00051 
  -0.0025  
   5e-06   
   3.6e-08 
  -7.1e-11 
   0.00034 
   0.001   
  -0.0025  
   5e-06   
   4.9e-08 
  -9e-10   
   0.00035 

QACC_SMOOTH
  -0.0053  
  -0.0042  
  -1.9e-05 
   0.011   
  -0.001   
   0.00029 
   0.011   
  -0.0042  
   6.2e-05 
  -0.022   
   0.0021  
   0.0012  

EFC_B
  -16      
  -16      
  -16      
  -16      
  -16      
  -16      
  -16      
  -16      

EFC_FORCE
   2.2e+04 
   2.2e+04 
   2.2e+04 
   2.2e+04 
   2.2e+04 
   2.2e+04 
   2.2e+04 
   2.2e+04 

EFC_STATE
  1
  1
  1
  1
  1
  1
  1
  1

QFRC_CONSTRAINT
   0.00051 
   0       
   0       
   0       
   0       
   0       
  -0.001   
   0       
   0       
   0       
   0       
   0       

QFRC_INVERSE
   0       
   0       
   0       
   0       
   0       
   0       
   0       
   0       
   0       
   0       
   0       
   0       

CACC
   0         0         0         0         0         0       
   0         0         0         0         0         0       
   0         0         0         0         0         0       
   0         0         0         0         0         0       
   0         0         0         0         0         0       
   0         0         0         0         0         0       
   0         0         0         0         0         0       
   0         0         0         0         0         0       
   0         0         0         0         0         0       
   0         0         0         0         0         0       
   0         0         0         0         0         0       
   0         0         0         0         0         0       
   0         0         0         0         0         0       

CFRC_INT
   0         0         0         0         0         0       
   0         0         0         0         0         0       
   0         0         0         0         0         0       
   0         0         0         0         0         0       
   0         0         0         0         0         0       
   0         0         0         0         0         0       
   0         0         0         0         0         0       
   0         0         0         0         0         0       
   0         0         0         0         0         0       
   0         0         0         0         0         0       
   0         0         0         0         0         0       
   0         0         0         0         0         0       
   0         0         0         0         0         0       

CFRC_EXT
   0         0         0         0         0         0       
   0         0         0         0         0         0       
   0         0         0         0         0         0       
   0         0         0         0         0         0       
   0         0         0         0         0         0       
   0         0         0         0         0         0       
   0         0         0         0         0         0       
   0         0         0         0         0         0       
   0         0         0         0         0         0       
   0         0         0         0         0         0       
   0         0         0         0         0         0       
   0         0         0         0         0         0       
   0         0         0         0         0         0       

